/*--------------------------------*- C++ -*----------------------------------*\
  =========                 |
  \\      /  F ield         | OpenFOAM: The Open Source CFD Toolbox
   \\    /   O peration     | Website:  https://openfoam.org
    \\  /    A nd           | Version:  10
     \\/     M anipulation  |
\*---------------------------------------------------------------------------*/
FoamFile
{
    format      ascii;
    class       faceList;
    location    "constant/polyMesh";
    object      faces;
}
// * * * * * * * * * * * * * * * * * * * * * * * * * * * * * * * * * * * * * //


1388
(
3(42 92 84)
3(113 84 92)
3(42 84 113)
3(42 113 92)
3(30 102 111)
3(95 111 102)
3(95 30 111)
3(95 102 30)
3(86 102 111)
3(86 111 30)
3(86 30 102)
3(83 42 91)
3(83 91 103)
3(91 42 103)
3(83 103 42)
3(92 84 104)
3(92 104 42)
3(84 42 104)
3(91 83 112)
3(83 42 112)
3(91 112 42)
3(79 97 94)
3(79 94 28)
3(79 28 97)
3(97 28 94)
3(95 39 102)
3(102 39 111)
3(95 111 39)
3(29 94 79)
3(29 79 97)
3(29 97 94)
3(85 93 36)
3(110 85 36)
3(110 93 85)
3(110 36 93)
3(79 94 106)
3(79 36 94)
3(79 106 36)
3(94 36 106)
3(28 93 85)
3(101 28 85)
3(101 85 93)
3(101 93 28)
3(108 90 81)
3(40 108 81)
3(40 81 90)
3(40 90 108)
3(89 109 99)
3(32 99 109)
3(32 109 89)
3(32 89 99)
3(33 89 109)
3(33 109 99)
3(33 99 89)
3(90 39 81)
3(100 90 81)
3(100 39 90)
3(100 81 39)
3(108 39 81)
3(108 90 39)
3(92 35 84)
3(92 113 35)
3(84 35 113)
3(109 82 99)
3(109 32 82)
3(82 32 99)
3(84 104 35)
3(92 35 104)
3(78 43 87)
3(78 105 43)
3(78 87 105)
3(87 43 105)
3(87 96 43)
3(78 43 96)
3(87 78 96)
3(80 88 98)
3(80 22 88)
3(88 22 98)
3(80 98 22)
3(94 21 79)
3(94 106 21)
3(79 21 106)
3(80 88 21)
3(80 21 98)
3(98 21 88)
3(80 88 107)
3(21 107 88)
3(21 80 107)
3(88 107 22)
3(80 22 107)
3(15 102 111)
3(15 111 86)
3(15 86 102)
3(17 91 103)
3(17 83 91)
3(17 103 83)
3(91 25 112)
3(91 83 25)
3(112 25 83)
3(109 25 99)
3(82 99 25)
3(82 25 109)
3(90 16 100)
3(90 81 16)
3(100 16 81)
3(38 30 111)
3(38 111 95)
3(34 42 103)
3(34 103 91)
3(34 104 42)
3(34 92 104)
3(28 36 85)
3(28 79 36)
3(12 79 28)
3(12 97 79)
3(28 85 12)
3(101 12 85)
3(88 98 38)
3(98 30 38)
3(88 30 98)
3(20 85 36)
3(20 110 85)
3(102 31 39)
3(102 95 31)
3(36 79 20)
3(20 79 106)
3(40 109 32)
3(40 82 109)
3(40 32 82)
3(31 100 39)
3(90 100 31)
3(41 109 33)
3(89 109 41)
3(109 89 40)
3(43 113 35)
3(92 113 43)
3(27 84 35)
3(113 27 35)
3(113 84 27)
3(35 84 19)
3(19 84 104)
3(35 78 96)
3(35 19 78)
3(78 19 96)
3(43 78 27)
3(105 27 78)
3(35 96 43)
3(35 87 96)
3(43 35 78)
3(26 42 84)
3(26 84 113)
3(83 42 26)
3(83 26 112)
3(18 42 104)
3(84 42 18)
3(84 18 104)
3(83 103 26)
3(42 26 103)
3(86 14 30)
3(86 111 14)
3(30 14 111)
3(21 29 94)
3(79 29 21)
3(29 79 13)
3(97 13 79)
3(88 22 38)
3(22 98 38)
3(14 102 86)
3(13 98 88)
3(29 13 88)
3(29 88 98)
3(21 94 37)
3(106 37 94)
3(21 37 88)
3(88 37 107)
3(88 107 38)
3(26 18 103)
3(83 103 18)
3(83 18 26)
3(14 22 111)
3(22 86 111)
3(14 86 22)
3(14 98 22)
3(14 80 98)
3(14 22 80)
3(21 98 13)
3(13 98 80)
3(21 13 80)
3(13 21 88)
3(39 15 102)
3(39 111 15)
3(15 39 100)
3(15 81 39)
3(15 100 81)
3(23 39 81)
3(23 81 108)
3(25 33 109)
3(25 99 33)
3(41 91 25)
3(41 112 91)
3(91 33 17)
3(91 103 33)
3(16 32 90)
3(100 90 32)
3(24 81 40)
3(24 108 81)
3(40 82 24)
3(109 24 82)
3(32 16 82)
3(82 16 99)
3(90 40 16)
3(16 40 81)
3(23 15 111)
3(86 23 111)
3(86 15 23)
3(25 17 99)
3(17 82 99)
3(25 82 17)
3(91 17 25)
3(25 17 83)
3(20 12 36)
3(85 36 12)
3(85 12 20)
3(79 12 36)
3(79 20 12)
3(12 28 36)
3(27 19 35)
3(84 19 27)
3(43 27 35)
3(78 27 35)
3(19 78 27)
3(34 18 42)
3(18 42 103)
3(21 29 37)
3(29 88 21)
3(22 30 38)
3(22 98 30)
3(22 30 111)
3(26 18 42)
3(26 18 84)
3(22 30 14)
3(13 29 21)
3(13 21 79)
3(15 39 31)
3(25 33 41)
3(25 33 91)
3(16 40 32)
3(82 40 16)
3(39 23 15)
3(23 15 81)
3(17 25 33)
3(85 93 76)
3(85 76 101)
3(93 101 76)
3(76 110 93)
3(76 85 110)
3(87 77 78)
3(105 78 77)
3(105 77 87)
3(87 77 96)
3(77 78 96)
3(40 24 16)
3(16 24 81)
3(24 16 82)
3(78 5 96)
3(78 19 5)
3(105 87 6)
3(105 4 78)
3(27 78 4)
3(7 87 96)
3(93 110 2)
3(3 101 93)
3(1 85 101)
3(1 12 85)
3(0 110 85)
3(0 85 20)
3(19 84 18)
3(27 26 84)
3(12 13 79)
3(20 79 21)
3(80 22 21)
3(13 14 80)
3(14 15 86)
3(86 23 22)
3(83 17 18)
3(25 83 26)
3(15 16 81)
3(24 23 81)
3(82 16 17)
3(25 24 82)
3(101 76 1)
3(101 3 76)
3(2 110 76)
3(0 76 110)
3(93 2 76)
3(93 76 3)
3(1 76 85)
3(0 85 76)
3(1 85 0)
3(4 77 78)
3(5 78 77)
3(5 4 78)
3(87 7 77)
3(87 77 6)
3(7 96 77)
3(5 77 96)
3(105 77 4)
3(105 6 77)
3(84 26 121)
3(26 18 121)
3(84 121 18)
3(119 72 209)
3(119 56 72)
3(119 209 56)
3(208 55 185)
3(71 185 55)
3(71 208 185)
3(185 208 139)
3(185 139 55)
3(208 55 139)
3(165 209 119)
3(165 119 72)
3(165 72 209)
3(139 208 72)
3(139 72 56)
3(139 56 208)
3(13 169 79)
3(13 21 169)
3(21 79 169)
3(213 71 116)
3(55 116 71)
3(213 116 55)
3(72 139 185)
3(72 185 208)
3(54 213 162)
3(116 162 213)
3(116 54 162)
3(116 213 54)
3(210 58 166)
3(74 166 58)
3(210 166 74)
3(120 166 210)
3(120 58 166)
3(120 210 58)
3(214 57 170)
3(73 170 57)
3(214 170 73)
3(70 162 54)
3(70 213 162)
3(71 116 162)
3(71 162 213)
3(57 165 209)
3(57 119 165)
3(57 209 119)
3(57 165 73)
3(73 165 209)
3(168 53 207)
3(69 53 168)
3(69 168 207)
3(168 122 207)
3(168 53 122)
3(122 53 207)
3(167 121 84)
3(167 26 121)
3(167 84 26)
3(124 170 214)
3(124 57 170)
3(124 214 57)
3(137 212 70)
3(54 137 70)
3(54 212 137)
3(148 207 194)
3(122 194 207)
3(148 194 122)
3(148 122 207)
3(137 212 183)
3(137 183 70)
3(212 70 183)
3(79 123 169)
3(123 13 169)
3(79 13 123)
3(212 183 53)
3(137 53 183)
3(212 53 137)
3(193 210 147)
3(120 210 193)
3(120 193 147)
3(120 147 210)
3(53 69 183)
3(69 212 183)
3(170 214 58)
3(124 170 58)
3(124 58 214)
3(25 117 82)
3(163 82 117)
3(25 163 117)
3(25 82 163)
3(17 25 117)
3(82 17 117)
3(82 117 24)
3(163 24 117)
3(82 24 163)
3(74 58 170)
3(74 170 214)
3(24 16 117)
3(82 117 16)
3(61 156 161)
3(158 161 156)
3(61 161 158)
3(156 45 115)
3(158 156 115)
3(158 115 45)
3(202 204 160)
3(49 160 204)
3(202 160 49)
3(160 202 65)
3(160 65 204)
3(68 148 207)
3(194 148 68)
3(194 68 207)
3(173 127 172)
3(171 172 127)
3(173 171 127)
3(171 126 125)
3(171 127 126)
3(171 125 127)
3(172 173 129)
3(172 129 127)
3(127 129 173)
3(165 171 126)
3(165 126 125)
3(165 125 171)
3(171 172 126)
3(127 126 172)
3(175 129 172)
3(175 173 129)
3(126 165 172)
3(72 119 139)
3(172 129 126)
3(165 126 119)
3(125 165 119)
3(185 126 165)
3(185 172 126)
3(165 119 139)
3(165 139 72)
3(165 126 139)
3(83 25 136)
3(25 17 136)
3(83 136 17)
3(185 165 139)
3(139 185 126)
3(55 116 185)
3(71 185 116)
3(185 139 116)
3(130 185 139)
3(116 185 130)
3(185 130 126)
3(130 172 126)
3(185 172 130)
3(172 130 129)
3(172 175 130)
3(130 175 129)
3(162 185 116)
3(176 116 185)
3(176 185 130)
3(176 130 116)
3(176 116 162)
3(132 176 162)
3(132 162 178)
3(132 178 176)
3(172 130 176)
3(116 176 132)
3(130 132 176)
3(162 132 116)
3(175 130 176)
3(194 207 168)
3(194 168 122)
3(144 50 190)
3(205 190 50)
3(205 144 190)
3(205 50 144)
3(190 204 50)
3(190 144 204)
3(144 50 204)
3(205 190 204)
3(204 66 190)
3(205 190 66)
3(59 193 210)
3(59 147 193)
3(59 210 147)
3(159 187 158)
3(158 187 62)
3(159 62 187)
3(158 46 187)
3(159 187 46)
3(46 187 141)
3(187 158 141)
3(46 141 158)
3(159 187 141)
3(159 141 46)
3(170 165 125)
3(170 125 171)
3(174 171 127)
3(173 174 127)
3(128 127 171)
3(128 171 125)
3(165 124 119)
3(165 57 124)
3(165 170 57)
3(125 165 124)
3(188 156 161)
3(188 61 156)
3(156 142 115)
3(156 45 142)
3(193 166 210)
3(193 120 166)
3(135 22 80)
3(135 14 22)
3(135 80 14)
3(21 13 181)
3(80 181 13)
3(80 21 181)
3(137 54 162)
3(116 137 162)
3(170 124 165)
3(70 162 137)
3(132 162 183)
3(132 183 178)
3(156 115 161)
3(158 161 115)
3(170 124 125)
3(137 162 132)
3(174 171 128)
3(127 174 128)
3(49 114 202)
3(145 202 114)
3(145 49 202)
3(202 191 160)
3(202 65 191)
3(115 158 141)
3(115 187 158)
3(115 141 187)
3(26 182 18)
3(18 182 83)
3(26 83 182)
3(114 144 204)
3(190 114 204)
3(190 144 114)
3(161 142 156)
3(161 188 142)
3(188 156 142)
3(183 162 137)
3(124 120 170)
3(138 170 120)
3(124 170 138)
3(122 53 183)
3(137 122 183)
3(160 114 49)
3(160 204 114)
3(49 114 204)
3(202 160 114)
3(170 58 120)
3(183 132 137)
3(184 170 120)
3(138 170 184)
3(138 184 120)
3(168 53 183)
3(168 183 122)
3(122 183 134)
3(137 134 183)
3(142 115 161)
3(166 170 120)
3(184 166 120)
3(166 170 58)
3(134 183 168)
3(134 180 183)
3(134 168 180)
3(170 125 184)
3(171 184 125)
3(24 140 16)
3(24 81 140)
3(16 140 81)
3(202 114 191)
3(114 145 191)
3(202 191 145)
3(84 149 195)
3(84 195 19)
3(19 195 149)
3(84 19 149)
3(150 79 196)
3(20 79 150)
3(20 150 196)
3(20 196 79)
3(168 134 122)
3(148 122 190)
3(122 144 190)
3(148 190 144)
3(122 190 194)
3(148 194 190)
3(121 195 84)
3(121 84 149)
3(121 149 195)
3(52 148 207)
3(68 148 52)
3(132 183 180)
3(132 180 178)
3(141 120 187)
3(141 193 120)
3(193 187 120)
3(141 187 193)
3(187 161 158)
3(62 158 161)
3(158 46 115)
3(152 120 187)
3(152 187 141)
3(125 170 138)
3(191 160 114)
3(141 193 147)
3(193 210 75)
3(193 75 59)
3(197 122 144)
3(197 144 190)
3(197 190 122)
3(161 115 187)
3(138 125 184)
3(160 190 204)
3(160 204 66)
3(114 50 204)
3(123 79 196)
3(150 79 123)
3(150 123 196)
3(193 47 155)
3(193 63 47)
3(193 155 63)
3(23 140 81)
3(15 140 23)
3(15 81 140)
3(198 120 152)
3(198 138 120)
3(198 152 138)
3(47 147 193)
3(155 193 147)
3(47 155 147)
3(132 134 183)
3(171 184 128)
3(128 184 125)
3(194 51 201)
3(194 148 51)
3(194 201 148)
3(51 148 201)
3(180 132 134)
3(194 51 67)
3(194 67 201)
3(122 197 151)
3(122 134 197)
3(197 134 151)
3(190 114 160)
3(118 86 22)
3(118 22 14)
3(118 14 86)
3(187 152 198)
3(187 198 120)
3(151 144 197)
3(150 12 79)
3(150 20 12)
3(27 84 195)
3(27 195 19)
3(128 174 184)
3(128 184 138)
3(131 129 175)
3(131 175 140)
3(140 175 129)
3(118 23 86)
3(118 15 23)
3(118 86 15)
3(83 182 136)
3(182 25 136)
3(83 25 182)
3(152 187 115)
3(68 211 148)
3(148 211 194)
3(68 194 211)
3(168 68 207)
3(122 207 52)
3(114 197 144)
3(114 190 197)
3(182 167 121)
3(167 189 121)
3(182 121 189)
3(193 59 206)
3(193 206 147)
3(206 59 147)
3(198 184 120)
3(198 138 184)
3(59 210 120)
3(210 75 166)
3(197 134 168)
3(197 180 134)
3(188 142 189)
3(161 189 142)
3(26 182 121)
3(182 18 121)
3(198 166 120)
3(187 115 198)
3(198 115 152)
3(189 174 128)
3(136 189 128)
3(136 174 189)
3(136 128 174)
3(195 84 167)
3(195 167 121)
3(197 122 168)
3(13 181 169)
3(123 169 181)
3(123 181 192)
3(123 192 169)
3(168 122 190)
3(146 145 191)
3(146 191 114)
3(161 143 115)
3(161 142 143)
3(136 117 25)
3(136 25 163)
3(136 163 117)
3(114 197 151)
3(166 187 120)
3(189 188 121)
3(142 121 188)
3(189 121 142)
3(135 80 181)
3(13 135 181)
3(13 80 135)
3(135 22 181)
3(80 181 22)
3(198 161 115)
3(200 127 153)
3(200 154 127)
3(200 153 154)
3(200 153 173)
3(200 199 153)
3(199 173 153)
3(173 200 127)
3(153 173 127)
3(114 192 160)
3(114 191 192)
3(200 129 127)
3(200 154 129)
3(173 200 129)
3(18 182 136)
3(83 18 136)
3(200 129 175)
3(205 148 190)
3(144 148 205)
3(205 148 194)
3(190 205 194)
3(159 193 141)
3(187 193 159)
3(150 85 20)
3(150 196 85)
3(20 85 196)
3(78 19 195)
3(78 195 149)
3(78 149 19)
3(169 79 196)
3(169 196 123)
3(117 200 153)
3(154 200 117)
3(200 163 153)
3(199 153 163)
3(159 193 147)
3(159 147 141)
3(197 114 160)
3(175 131 130)
3(19 121 84)
3(167 27 84)
3(173 153 174)
3(174 153 199)
3(131 176 132)
3(131 178 176)
3(131 132 178)
3(127 153 174)
3(143 198 152)
3(138 198 143)
3(123 145 191)
3(146 123 191)
3(176 131 130)
3(176 175 131)
3(181 123 13)
3(115 143 198)
3(117 163 153)
3(117 200 163)
3(148 52 211)
3(12 79 123)
3(20 169 79)
3(197 146 151)
3(134 146 197)
3(195 188 149)
3(188 121 149)
3(195 121 188)
3(146 114 197)
3(206 193 75)
3(140 24 117)
3(163 140 117)
3(163 24 140)
3(174 128 153)
3(198 161 143)
3(167 188 121)
3(140 186 81)
3(24 186 140)
3(24 81 186)
3(149 156 188)
3(149 195 156)
3(188 156 195)
3(150 145 196)
3(123 196 145)
3(188 142 149)
3(196 202 145)
3(196 150 202)
3(145 202 150)
3(121 136 189)
3(189 136 143)
3(121 189 143)
3(136 189 182)
3(136 182 121)
3(150 85 12)
3(27 195 78)
3(114 192 197)
3(156 195 157)
3(156 60 195)
3(195 60 157)
3(149 156 157)
3(149 44 156)
3(149 157 44)
3(202 196 203)
3(203 196 48)
3(202 48 196)
3(202 196 64)
3(203 64 196)
3(123 146 181)
3(123 181 135)
3(146 135 181)
3(192 123 146)
3(192 146 181)
3(149 156 142)
3(184 143 138)
3(198 143 184)
3(189 184 128)
3(196 145 191)
3(196 191 123)
3(184 143 128)
3(196 202 191)
3(157 149 195)
3(48 150 196)
3(203 196 150)
3(203 150 48)
3(202 48 150)
3(193 159 47)
3(63 159 193)
3(123 191 169)
3(123 192 191)
3(197 180 146)
3(134 146 180)
3(159 47 147)
3(189 128 143)
3(182 136 174)
3(205 51 194)
3(205 148 51)
3(205 67 194)
3(186 81 23)
3(186 23 140)
3(132 179 178)
3(132 180 179)
3(182 163 136)
3(131 186 175)
3(131 175 177)
3(131 177 186)
3(131 186 140)
3(140 186 175)
3(180 133 134)
3(180 132 133)
3(153 199 136)
3(153 136 174)
3(174 136 199)
3(136 153 163)
3(136 163 199)
3(118 86 164)
3(22 118 164)
3(22 164 86)
3(148 211 201)
3(194 201 211)
3(155 193 206)
3(155 206 147)
3(142 143 189)
3(161 189 143)
3(118 23 164)
3(86 164 23)
3(192 146 191)
3(192 114 146)
3(118 22 135)
3(117 140 200)
3(200 140 154)
3(133 118 181)
3(133 181 135)
3(118 135 181)
3(184 189 143)
3(198 143 189)
3(163 140 200)
3(176 131 177)
3(178 177 131)
3(192 146 197)
3(180 146 192)
3(186 140 163)
3(200 140 129)
3(200 140 175)
3(178 131 179)
3(131 132 179)
3(63 159 187)
3(47 141 159)
3(140 23 118)
3(181 179 118)
3(133 118 179)
3(181 133 179)
3(164 179 118)
3(164 118 181)
3(205 144 51)
3(205 67 190)
3(60 188 156)
3(156 142 44)
3(146 180 133)
3(48 145 202)
3(64 202 191)
3(179 118 131)
3(179 177 118)
3(131 118 177)
3(179 131 177)
3(182 136 199)
3(181 133 146)
3(181 192 133)
3(146 133 192)
3(131 179 133)
3(118 164 177)
3(131 118 186)
3(186 118 177)
3(186 140 118)
3(133 179 132)
3(133 180 179)
3(164 186 118)
3(118 22 181)
3(193 206 10)
3(193 10 155)
3(10 206 155)
3(8 206 147)
3(155 8 147)
3(155 206 8)
3(9 148 211)
3(9 201 148)
3(9 211 201)
3(194 11 211)
3(201 11 194)
3(201 211 11)
3(192 133 179)
3(85 150 203)
3(85 203 196)
3(78 157 149)
3(78 195 157)
3(78 149 5)
3(150 85 1)
3(0 85 196)
3(4 195 78)
3(192 180 133)
3(140 200 186)
3(186 23 118)
3(203 1 150)
3(203 85 1)
3(0 203 196)
3(85 203 0)
3(5 157 149)
3(5 78 157)
3(157 4 195)
3(157 78 4)
3(3 1 76)
3(2 76 0)
3(2 3 76)
3(1 0 76)
3(5 77 4)
3(7 6 77)
3(7 77 5)
3(6 4 77)
3(38 95 30)
3(34 91 42)
3(34 42 92)
3(28 93 36)
3(28 36 94)
3(88 38 30)
3(31 95 39)
3(90 31 39)
3(89 41 33)
3(40 89 32)
3(92 43 35)
3(35 43 87)
3(29 94 37)
3(29 37 88)
3(41 91 33)
3(40 32 90)
3(43 6 87)
3(35 87 7)
3(29 88 30)
3(31 90 32)
3(90 39 40)
3(40 41 89)
3(32 89 33)
3(93 2 36)
3(3 93 28)
3(88 37 38)
3(94 36 37)
3(29 28 94)
3(41 42 91)
3(31 30 95)
3(39 95 38)
3(33 91 34)
3(34 92 35)
3(42 43 92)
3(93 3 2)
3(87 6 7)
3(12 28 97)
3(28 12 101)
3(20 36 110)
3(36 20 106)
3(35 19 104)
3(35 96 19)
3(43 27 105)
3(26 113 42)
3(42 112 26)
3(29 13 97)
3(30 102 14)
3(29 98 13)
3(106 21 37)
3(21 107 37)
3(22 38 107)
3(23 108 39)
3(41 25 112)
3(17 33 103)
3(16 100 32)
3(24 40 108)
3(40 24 109)
3(32 99 16)
3(113 27 43)
3(34 104 18)
3(18 103 34)
3(38 22 111)
3(14 98 30)
3(15 31 100)
3(31 15 102)
3(25 41 109)
3(39 111 23)
3(33 17 99)
3(5 19 96)
3(105 6 43)
3(27 4 105)
3(35 7 96)
3(29 30 98)
3(100 31 32)
3(39 108 40)
3(109 41 40)
3(32 33 99)
3(2 110 36)
3(3 28 101)
3(37 107 38)
3(106 37 36)
3(1 101 12)
3(0 20 110)
3(97 28 29)
3(112 42 41)
3(102 30 31)
3(39 38 111)
3(33 34 103)
3(34 35 104)
3(113 43 42)
3(19 18 104)
3(113 26 27)
3(97 13 12)
3(20 21 106)
3(21 22 107)
3(98 14 13)
3(14 102 15)
3(22 23 111)
3(18 17 103)
3(25 26 112)
3(100 16 15)
3(24 108 23)
3(17 16 99)
3(25 109 24)
3(101 1 3)
3(2 0 110)
3(7 5 96)
3(105 4 6)
3(173 172 171)
3(127 125 126)
3(175 172 173)
3(165 171 172)
3(139 119 56)
3(127 126 129)
3(125 119 126)
3(185 165 172)
3(139 126 119)
3(72 165 185)
3(55 116 139)
3(116 130 139)
3(126 139 130)
3(130 129 126)
3(162 71 185)
3(176 162 185)
3(162 176 178)
3(172 176 185)
3(116 132 130)
3(175 176 172)
3(170 171 165)
3(173 171 174)
3(128 125 127)
3(119 124 57)
3(165 73 170)
3(119 125 124)
3(188 161 61)
3(142 45 115)
3(116 54 137)
3(183 162 178)
3(137 132 116)
3(145 114 49)
3(191 65 160)
3(183 70 162)
3(124 138 120)
3(137 53 122)
3(124 120 58)
3(69 183 168)
3(122 134 137)
3(184 170 166)
3(166 170 74)
3(180 168 183)
3(170 184 171)
3(148 144 122)
3(180 183 178)
3(187 62 161)
3(115 46 141)
3(152 141 120)
3(125 138 124)
3(120 141 147)
3(160 66 190)
3(114 144 50)
3(138 152 120)
3(137 134 132)
3(122 151 134)
3(151 122 144)
3(171 184 174)
3(128 138 125)
3(131 140 129)
3(152 115 141)
3(168 194 68)
3(122 52 148)
3(182 189 167)
3(59 120 147)
3(75 193 166)
3(197 168 180)
3(188 189 161)
3(184 166 198)
3(21 169 181)
3(192 181 169)
3(168 190 194)
3(146 114 145)
3(142 115 143)
3(114 151 144)
3(136 117 17)
3(193 187 166)
3(198 166 187)
3(187 161 198)
3(190 168 197)
3(154 153 127)
3(200 173 199)
3(192 191 160)
3(154 127 129)
3(200 175 173)
3(167 26 182)
3(154 117 153)
3(199 163 200)
3(197 160 190)
3(130 131 129)
3(19 149 121)
3(195 27 167)
3(173 174 199)
3(138 143 152)
3(146 145 123)
3(131 130 132)
3(115 152 143)
3(12 123 150)
3(20 196 169)
3(134 151 146)
3(146 151 114)
3(127 153 128)
3(140 16 117)
3(167 189 188)
3(123 145 150)
3(121 149 142)
3(121 143 136)
3(192 160 197)
3(123 135 146)
3(189 174 184)
3(143 138 128)
3(192 169 191)
3(136 143 128)
3(182 174 189)
3(180 178 179)
3(136 18 121)
3(182 25 163)
3(186 177 175)
3(167 188 195)
3(135 123 13)
3(133 132 134)
3(153 136 128)
3(117 136 153)
3(169 196 191)
3(142 143 121)
3(185 71 72)
3(139 56 55)
3(56 119 57)
3(72 73 165)
3(70 71 162)
3(55 54 116)
3(118 135 14)
3(75 166 74)
3(58 120 59)
3(122 53 52)
3(168 68 69)
3(117 154 140)
3(133 135 118)
3(198 189 184)
3(53 137 54)
3(70 183 69)
3(198 161 189)
3(178 176 177)
3(177 176 175)
3(180 192 197)
3(186 163 24)
3(170 73 74)
3(57 124 58)
3(129 140 154)
3(63 187 193)
3(47 147 141)
3(140 118 15)
3(164 181 179)
3(148 51 144)
3(190 67 194)
3(195 188 60)
3(149 44 142)
3(146 133 134)
3(150 145 48)
3(196 64 191)
3(16 17 117)
3(24 163 25)
3(182 199 174)
3(135 133 146)
3(199 182 163)
3(131 133 118)
3(164 179 177)
3(131 118 140)
3(164 177 186)
3(17 18 136)
3(26 25 182)
3(18 19 121)
3(26 167 27)
3(135 13 14)
3(22 21 181)
3(21 20 169)
3(13 123 12)
3(192 179 181)
3(19 5 149)
3(150 1 12)
3(20 0 196)
3(27 195 4)
3(10 193 75)
3(59 147 8)
3(148 52 9)
3(194 11 68)
3(140 15 16)
3(186 24 23)
3(181 164 22)
3(186 200 163)
3(179 178 177)
3(10 63 193)
3(8 147 47)
3(131 132 133)
3(200 186 175)
3(51 148 9)
3(194 67 11)
3(186 23 164)
3(23 22 164)
3(118 14 15)
3(192 180 179)
3(61 60 188)
3(142 44 45)
3(49 48 145)
3(191 64 65)
3(51 50 144)
3(190 66 67)
3(161 62 61)
3(115 45 46)
3(63 62 187)
3(141 46 47)
3(50 49 114)
3(65 66 160)
3(64 196 0)
3(1 150 48)
3(4 195 60)
3(5 44 149)
3(61 158 156)
3(158 45 156)
3(159 158 62)
3(158 159 46)
3(63 155 47)
3(156 157 60)
3(157 156 44)
3(63 47 159)
3(10 155 63)
3(8 47 155)
3(61 156 60)
3(44 156 45)
3(62 158 61)
3(45 158 46)
3(159 62 63)
3(46 159 47)
3(10 8 155)
3(4 60 157)
3(5 157 44)
3(4 157 5)
3(202 49 204)
3(65 202 204)
3(205 204 50)
3(205 66 204)
3(67 51 201)
3(202 203 48)
3(203 202 64)
3(51 67 205)
3(51 9 201)
3(11 67 201)
3(49 202 48)
3(64 202 65)
3(51 205 50)
3(205 67 66)
3(50 204 49)
3(65 204 66)
3(11 201 9)
3(64 0 203)
3(1 48 203)
3(0 1 203)
3(72 56 209)
3(71 55 208)
3(72 208 56)
3(213 55 71)
3(210 74 58)
3(214 73 57)
3(70 54 213)
3(57 73 209)
3(69 207 53)
3(54 70 212)
3(53 212 69)
3(74 214 58)
3(68 52 207)
3(75 210 59)
3(68 211 52)
3(206 75 59)
3(71 208 72)
3(208 55 56)
3(56 57 209)
3(72 209 73)
3(70 213 71)
3(213 54 55)
3(75 74 210)
3(58 59 210)
3(52 53 207)
3(69 68 207)
3(53 54 212)
3(70 69 212)
3(73 214 74)
3(57 58 214)
3(10 75 206)
3(59 8 206)
3(9 52 211)
3(68 11 211)
3(11 9 211)
3(10 206 8)
)


// ************************************************************************* //
